data_perc = range(10, 110, 10)
	cv_scores = [0.899968905982, 0.896171371885, 0.893034251141, 0.894189655243, 0.895411026741, 0.89716101711, 0.897043016732, 0.896624322936, 0.898499725326, 0.898781711323]
	train_scores = [0.90846817967, 0.904135042409, 0.901425166092, 0.899451182674, 0.901386596236, 0.903007011545, 0.902207244058, 0.903350971285, 0.904167136098, 0.904839722706]